{
  "000000": {
    "000001": [
      {
        "cam_R_m2c": [
          -0.0037349856858718278,
          -0.9109158069093438,
          0.4125753780882052,
          -0.9036509928156268,
          0.1797637495029728,
          0.3887156770030823,
          -0.4282533514933169,
          -0.3713723025312087,
          -0.8238213883163085
        ],
        "cam_t_m2c": [
          0.159997883397615,
          -0.07817661342622516,
          25.298888182599843
        ],
        "obj_id": 0
      }
    ],
    "000002": [
      {
        "cam_R_m2c": [
          -0.9874667711075,
          -0.0746576812787868,
          0.1390525317446726,
          0.11811909779378785,
          -0.9339279541122515,
          0.3373817648659834,
          0.10467690621579184,
          0.3495780415783852,
          0.9310413192502854
        ],
        "cam_t_m2c": [
          -1.663228119601798,
          -0.7383233280382818,
          25.82939291631867
        ],
        "obj_id": 2
      },
      {
        "cam_R_m2c": [
          -0.8889115818721272,
          -0.0666809745307731,
          0.4531995666913407,
          0.1806824026321501,
          0.8580975354041419,
          0.4806479887739178,
          -0.4209395075217652,
          0.5091387506063204,
          -0.7507247589085956
        ],
        "cam_t_m2c": [
          -1.829282947614106,
          2.2313038988086698,
          27.643001626759645
        ],
        "obj_id": 3
      }
    ],
    "000003": [
      {
        "cam_R_m2c": [
          -0.9764645915076435,
          0.1834246712212862,
          0.11345612155883802,
          -0.1757553885485878,
          -0.9816225745387951,
          0.07434490266294462,
          0.1250077794697022,
          0.05265464028165835,
          0.9907575606216001
        ],
        "cam_t_m2c": [
          -1.8967425963782667,
          -0.521222167223879,
          26.961751198240044
        ],
        "obj_id": 2
      },
      {
        "cam_R_m2c": [
          0.906607987954845,
          -0.053747006202084446,
          0.41853699418424245,
          0.18304013977428263,
          0.943774157385661,
          -0.2752937469002824,
          -0.3802081842989162,
          0.3261925798900073,
          0.8654710494388721
        ],
        "cam_t_m2c": [
          -1.9590458437751814,
          2.751162540120278,
          25.502053158159935
        ],
        "obj_id": 3
      }
    ],
    "000004": [],
    "000005": [
      {
        "cam_R_m2c": [
          0.0,
          0.0,
          0.0,
          0.0,
          0.0,
          0.0,
          0.0,
          0.0,
          0.0
        ],
        "cam_t_m2c": [
          0.0,
          0.0,
          0.0
        ],
        "obj_id": 5
      }
    ],
    "000006": [
      {
        "cam_R_m2c": [
          0.018459255313686515,
          -0.9744245020608452,
          -0.22395567792922305,
          0.9334088212543902,
          -0.06348444219757214,
          0.35315392961618447,
          -0.3583395433073972,
          -0.21556116390096075,
          0.9083645503430378
        ],
        "cam_t_m2c": [
          -0.07691579904389177,
          2.7628751977669044,
          28.444479817483444
        ],
        "obj_id": 2
      },
      {
        "cam_R_m2c": [
          -0.432317804687283,
          0.9017188973778446,
          -0.0020846731283803988,
          0.37558390791424634,
          0.1779662325195549,
          -0.9095409546571601,
          -0.8197792653307541,
          -0.39399371847083986,
          -0.4156090782686169
        ],
        "cam_t_m2c": [
          0.03324979310203491,
          -0.4026470435098294,
          24.615623213724202
        ],
        "obj_id": 5
      }
    ]
  }
}